12 solutions:

0: 6 3 1 7 
1: 0 1 0 4 
2: 7 6 6 2 
3: 1 7 7 6 
4: 8 2 5 5 
5: 4 4 8 1 
6: 5 8 2 8 
7: 2 5 4 3 
8: 3 0 3 0 

0: 6 3 1 7 
1: 0 1 0 4 
2: 7 6 6 2 
3: 1 7 7 6 
4: 8 2 5 5 
5: 4 4 8 1 
6: 3 8 2 8 
7: 2 5 4 3 
8: 5 0 3 0 

0: 6 3 1 7 
1: 0 1 0 4 
2: 7 6 6 2 
3: 1 7 7 6 
4: 8 2 5 5 
5: 4 4 3 1 
6: 5 8 2 8 
7: 2 5 4 3 
8: 3 0 8 0 

0: 6 3 1 7 
1: 0 1 0 4 
2: 7 6 6 2 
3: 1 7 7 6 
4: 8 2 5 5 
5: 4 4 3 1 
6: 3 8 2 8 
7: 2 5 4 3 
8: 5 0 8 0 

0: 6 3 1 7 
1: 0 1 0 4 
2: 7 6 6 2 
3: 1 7 7 6 
4: 5 2 5 5 
5: 4 4 8 1 
6: 8 8 2 8 
7: 2 5 4 3 
8: 3 0 3 0 

0: 6 3 1 7 
1: 0 1 0 4 
2: 7 6 6 2 
3: 1 7 7 6 
4: 5 2 5 5 
5: 4 4 8 1 
6: 3 8 2 8 
7: 2 5 4 3 
8: 8 0 3 0 

0: 6 3 1 7 
1: 0 1 0 4 
2: 7 6 6 2 
3: 1 7 7 6 
4: 5 2 5 5 
5: 4 4 3 1 
6: 8 8 2 8 
7: 2 5 4 3 
8: 3 0 8 0 

0: 6 3 1 7 
1: 0 1 0 4 
2: 7 6 6 2 
3: 1 7 7 6 
4: 5 2 5 5 
5: 4 4 3 1 
6: 3 8 2 8 
7: 2 5 4 3 
8: 8 0 8 0 

0: 6 3 1 7 
1: 0 1 0 4 
2: 7 6 6 2 
3: 1 7 7 6 
4: 3 2 5 5 
5: 4 4 8 1 
6: 8 8 2 8 
7: 2 5 4 3 
8: 5 0 3 0 

0: 6 3 1 7 
1: 0 1 0 4 
2: 7 6 6 2 
3: 1 7 7 6 
4: 3 2 5 5 
5: 4 4 8 1 
6: 5 8 2 8 
7: 2 5 4 3 
8: 8 0 3 0 

0: 6 3 1 7 
1: 0 1 0 4 
2: 7 6 6 2 
3: 1 7 7 6 
4: 3 2 5 5 
5: 4 4 3 1 
6: 8 8 2 8 
7: 2 5 4 3 
8: 5 0 8 0 

0: 6 3 1 7 
1: 0 1 0 4 
2: 7 6 6 2 
3: 1 7 7 6 
4: 3 2 5 5 
5: 4 4 3 1 
6: 5 8 2 8 
7: 2 5 4 3 
8: 8 0 8 0 

